results:
charles chwab and sears represent cold data
sumsum x_binary = 320828: sparsity=320828/18/138718=12.8%

column counts and  sparsity %s
38390	27.6748511368388
2821	2.03362216871639
45738	32.9719286610245
45778	33.0007641401981
1966	1.41726380138122
27691	19.9620813448867
2415	1.74094205510460
4097	2.95347395435344
36889	26.5927997808504
4026	2.90229097882034
2886	2.08047982237345
23343	16.8276647587191
14999	10.8125838031113
25763	18.5722112487204
96	0.0692051500165804
20449	14.7414178405110
23445	16.9011952306117
36	0.0259519312562177

ratings lasso:
         0
    0.2767
    0.3028
    0.1872
    0.0147
    0.6472
    0.4501
    0.0369
    0.0467
    0.3752
    0.1097
   -0.0003
   -0.0471
    0.1921
   -0.9390
    0.0044
    0.0466
         0
         
  basefill: fill all zeros by 1 lasso:
           0
    0.2552
    0.2563
    0.1839
    0.0395
    0.4312
    0.3171
    0.0453
    0.0487
    0.2966
    0.1136
    0.0025
   -0.0298
    0.2054
   -0.4104
   -0.0306
    0.0718
         0


cap the value at 10
         0
    0.0298
    0.0162
    0.0646
    0.0278
   -0.0113
    0.0343
   -0.0455
    0.0080
    0.0257
    0.0476
   -0.0591
   -0.0488
    0.1449
   -0.1748
   -0.1290
    0.0432
   -0.1352

binary
         0
   -0.1686
   -0.2498
   -0.2258
   -0.1358
   -0.2665
   -0.1381
   -0.2404
   -0.2631
   -0.1790
   -0.1440
   -0.2793
   -0.2664
   -0.1041
   -0.3396
   -0.3786
   -0.2014
   -0.1836
